0 0 574 124 62 132 548 224 63 967 488 289 145 
1 0 574 103 50 133 549 213 59 987 484 276 143 
2 635 514 95 57 0 572 97 49 131 551 206 59 1010 484 262 139 
3 632 513 93 59 6 685 88 389 97 549 222 65 1024 481 259 139 
4 0 573 53 51 627 516 94 55 98 550 222 63 0 758 194 323 1048 483 236 125 
5 0 574 44 47 624 515 93 56 0 768 280 300 101 551 213 63 1061 481 231 128 
6 619 517 99 54 28 673 329 386 91 552 217 62 1073 480 235 125 
7 617 517 101 54 47 547 245 73 31 613 407 433 1098 481 219 121 
8 619 518 96 54 56 548 224 73 40 607 464 437 1113 478 217 116 
9 611 513 97 61 51 546 229 76 22 628 533 400 1119 479 225 115 
10 614 515 89 58 51 549 224 74 1133 477 225 119 34 603 588 437 
11 611 512 85 62 53 552 214 62 1150 478 216 114 17 594 669 472 
12 759 479 119 72 606 512 84 61 0 552 266 77 1162 480 205 108 8 593 713 454 
13 758 481 120 72 603 511 83 63 1 552 252 85 1174 479 200 110 3 586 782 448 
14 0 552 245 98 1183 479 201 107 1 573 829 435 
15 0 556 241 91 1206 474 179 111 37 564 830 417 
16 10 612 219 221 9 557 225 77 1216 476 176 104 87 571 822 345 
17 13 556 209 69 0 598 347 235 1227 477 173 101 172 572 776 320 
18 864 510 71 36 20 556 202 69 0 586 333 247 1236 474 167 100 253 565 723 306 
19 756 483 121 70 1246 470 158 104 0 569 389 262 324 566 672 285 
20 1258 470 162 97 0 566 444 272 404 565 624 277 
21 0 560 170 66 1266 469 160 95 0 573 488 256 447 553 622 257 
22 1275 469 154 95 0 568 532 240 501 553 597 246 
23 0 561 133 83 1284 468 150 97 6 563 546 220 573 540 540 255 
24 744 482 116 73 0 564 139 146 1294 470 153 91 37 571 572 193 628 532 501 253 
25 0 557 162 151 739 480 120 76 0 558 136 81 1297 469 155 91 100 563 579 192 690 530 436 232 
26 739 481 119 75 0 561 136 75 1307 469 149 90 713 526 446 223 181 553 537 187 
27 0 562 125 77 774 519 409 232 1317 467 146 91 251 549 471 182 
28 836 502 86 48 0 563 116 78 1323 466 145 93 782 521 421 217 296 547 464 181 
29 834 503 92 49 0 563 108 79 1326 466 146 93 814 515 415 213 329 540 459 181 
30 828 503 102 54 0 564 95 78 1334 469 148 84 853 517 385 206 390 536 420 176 
31 749 493 100 53 828 502 102 52 0 564 89 78 878 519 382 198 1344 471 142 81 420 534 415 171 
32 827 503 99 46 0 565 61 62 1353 469 138 85 913 512 365 188 460 532 393 172 
33 751 492 96 52 0 567 55 62 929 504 372 199 1360 463 134 92 498 538 382 157 
34 754 489 97 45 540 536 368 160 964 504 333 189 1369 461 129 95 
35 1314 460 68 31 824 501 101 50 574 524 351 152 1376 463 129 85 990 508 319 176 
36 818 501 110 41 1311 460 71 30 616 517 317 154 1377 464 129 82 1019 507 302 175 
37 1313 461 72 28 641 512 318 151 1383 464 125 82 1031 502 314 176 
38 1395 462 118 86 667 512 310 149 1058 504 293 164 
39 1399 462 120 87 691 510 309 141 1077 502 288 161 
40 724 486 116 61 1407 460 115 88 723 511 292 137 1088 502 286 152 
41 1290 464 98 31 723 484 119 65 1415 457 114 84 748 513 289 130 1097 501 287 151 
42 1296 464 88 31 721 483 122 67 1417 459 114 81 770 508 278 126 1127 497 267 146 
43 720 484 126 69 1301 465 84 29 1421 461 114 77 786 507 288 122 1141 493 257 141 
44 794 497 123 61 1296 465 88 27 720 482 127 70 1427 462 110 75 1157 490 245 141 817 516 254 112 
45 719 483 130 71 793 496 122 73 1435 462 108 74 1162 489 255 141 851 516 237 110 
46 719 481 129 73 791 497 125 73 1441 463 108 71 1176 488 251 142 869 517 234 106 
47 712 476 114 79 787 498 134 74 1443 462 111 73 889 513 229 106 1201 483 232 144 
48 712 477 113 77 787 498 132 73 1449 461 108 75 1217 486 213 130 915 512 213 100 
49 712 477 114 76 1454 462 106 74 784 497 141 75 1233 485 206 128 926 503 219 109 
50 712 477 113 76 782 499 145 70 1455 462 107 74 1245 483 202 127 942 504 207 101 
51 711 480 114 75 751 500 172 65 1466 463 99 70 1258 485 191 123 962 499 201 104 
52 750 500 170 66 1469 462 98 71 1265 484 186 120 976 498 201 104 
53 746 500 172 64 1472 463 98 67 1268 480 206 126 997 497 193 102 
54 744 499 170 64 1473 463 98 67 1276 479 207 113 1006 492 193 109 
55 743 500 168 63 1477 463 96 68 1295 486 192 111 1021 498 187 97 
56 741 500 166 65 1479 462 97 67 1301 485 189 113 1038 497 184 97 
57 741 501 160 64 1483 460 96 68 1313 478 186 110 1045 490 188 107 
58 740 501 157 64 1486 460 94 67 1319 481 184 103 1060 498 182 90 
59 741 503 154 62 1491 459 91 66 1331 482 175 101 1076 496 177 92 
60 717 499 171 65 1495 458 88 67 1340 481 170 99 1083 490 184 103 
61 1500 458 87 68 714 499 175 65 1348 482 160 99 1105 489 159 94 
62 1504 454 84 73 712 499 175 65 1357 482 154 98 1114 488 164 92 
63 1518 454 79 63 712 500 171 64 1362 483 149 95 1126 490 159 89 
64 1515 456 85 60 708 499 171 64 1370 483 157 87 1136 489 157 91 
65 1516 458 84 58 704 499 175 65 1380 482 154 86 1146 490 152 83 
66 702 500 164 66 1516 459 87 55 1387 480 153 88 1154 485 157 84 
67 702 502 157 64 1521 460 86 52 1394 480 151 85 1165 487 156 81 
68 702 501 156 65 1524 461 84 51 1400 480 144 84 1177 486 148 81 
69 678 499 175 65 1526 461 86 51 1408 484 142 79 1187 487 144 80 
70 1301 466 82 36 678 500 175 63 1528 461 87 52 1411 481 141 79 1197 487 140 77 
71 1310 465 74 36 675 501 174 61 1531 461 89 52 1421 480 132 79 1210 486 138 75 
72 1316 465 72 37 673 498 171 64 1535 460 89 54 1425 481 135 79 1219 483 135 80 
73 666 500 175 65 1537 461 87 52 1432 480 132 81 1225 479 130 83 
74 660 500 177 65 1320 469 74 37 1538 461 88 50 1439 479 130 82 1234 482 126 74 
75 655 499 176 67 1540 461 86 51 1443 476 128 86 1243 478 127 79 
76 1554 459 77 50 1448 475 125 85 1252 477 125 81 
77 1554 458 79 50 1455 478 121 75 1260 473 125 87 
78 1555 460 79 49 1266 471 122 86 1459 477 115 76 
79 1559 460 77 49 1464 475 112 79 1275 472 115 77 
80 1560 460 78 48 1470 472 108 85 1281 471 116 81 
81 604 509 211 65 1562 460 76 48 1475 471 111 86 1287 470 117 82 
82 603 510 208 66 1570 462 71 45 1478 472 114 86 1292 469 119 83 
83 600 509 213 67 1573 463 69 44 1485 469 110 86 1301 468 117 83 
84 583 511 211 63 1311 472 111 71 1578 462 68 45 1492 466 105 88 
85 575 511 220 62 1496 465 102 87 1580 460 69 46 1317 472 104 71 
86 572 512 222 61 1497 466 103 85 1582 460 69 45 1321 472 104 73 
87 567 510 222 64 1504 468 94 81 1327 472 105 73 1586 461 64 45 
88 565 510 223 64 1588 460 62 44 1334 472 106 73 1506 467 95 83 
89 564 511 219 64 1591 460 58 45 1334 478 109 63 1505 466 100 84 
90 1593 459 55 45 1342 477 108 64 1509 466 99 83 
91 1603 458 51 42 1512 465 99 86 1358 475 95 64 
92 542 510 219 66 1519 466 94 81 1603 456 54 43 1349 475 121 65 
93 538 513 214 61 1525 466 92 80 1605 458 53 42 1357 475 114 63 
94 531 514 220 60 1528 466 91 79 0 761 183 316 1366 475 106 62 1608 458 52 42 
95 528 515 219 61 0 761 287 322 1368 475 106 60 1534 467 91 76 1610 457 52 42 
96 508 515 215 62 7 688 352 382 1375 475 100 60 1612 459 51 38 1537 468 91 73 
97 495 514 224 64 28 607 421 451 1380 474 102 63 1539 470 90 69 1616 461 49 38 
98 484 515 232 62 1389 474 92 63 1540 468 90 63 1622 462 48 37 36 606 481 441 
99 482 512 228 65 1544 466 91 65 1402 470 89 56 1625 462 48 35 34 614 552 432 
100 472 510 221 71 1545 466 90 65 1402 471 92 56 1630 463 43 35 42 615 598 425 
101 653 492 129 64 464 513 227 65 1544 464 96 67 1632 464 43 36 1403 470 95 57 1 608 701 437 
102 651 493 130 64 454 513 232 65 1635 465 40 36 1544 465 98 67 1408 471 94 56 0 596 755 473 
103 651 493 130 66 446 507 235 73 1635 465 41 36 1547 466 99 65 1412 471 93 55 11 588 815 471 
104 650 493 131 67 445 502 234 84 1636 466 40 34 1551 467 98 62 1418 471 90 54 0 588 863 440 
105 1637 465 39 34 1555 468 94 60 1422 471 89 55 9 575 892 423 
106 1649 461 31 27 8 598 223 250 1558 469 95 58 1428 469 84 57 20 570 930 412 
107 1649 461 33 28 413 509 224 75 1433 470 79 54 1560 469 95 57 0 589 329 269 108 553 904 371 
108 384 509 246 82 1648 460 36 29 1441 471 82 51 1562 469 97 57 8 574 343 268 230 562 778 332 
109 642 490 138 65 392 508 228 84 1648 460 39 29 1563 469 98 56 1441 471 86 50 13 570 367 255 317 555 699 319 
110 383 516 247 73 1650 460 40 30 0 557 466 260 1566 469 96 55 1443 471 87 50 410 550 631 316 
111 1652 460 41 29 385 520 238 72 1570 469 93 56 0 571 541 203 1447 471 84 49 451 536 627 305 
112 1653 459 41 30 388 520 224 65 1574 469 89 55 1453 470 80 49 52 578 538 179 489 531 618 294 